1

14
A 1
B 2
C 3
D 4
E 5
F 6
G 7
H 8
I 9
J 10
K 11
L 12
M 13
N 14

12 5 11 8 6 13 3 2 10 1 7 9 14 4
8 14 1 13 11 12 5 4 3 10 2 6 7 9
13 12 14 5 7 11 3 10 2 1 9 8 4 6
12 3 7 11 2 10 13 5 9 1 6 14 8 4
11 14 13 1 7 4 2 12 5 3 8 10 9 6
4 3 12 8 5 1 2 7 13 11 10 14 6 9
6 14 3 11 1 5 10 7 13 2 12 4 8 9


14
A 1
B 2
C 3
D 4   1
E 5
F 6   1
G 7
H 8   1
I 9
J 10
K 11  1
L 12  2
M 13  1
N 14

12 5 11 8 6 13 3 2 10 1 7 9 14 4
8 14 1 13 11 12 5 4 3 10 2 6 7 9
13 12 14 5 7 11 3 10 2 1 9 8 4 6
12 3 7 11 2 10 13 5 9 1 6 14 8 4
11 14 13 1 7 4 2 12 5 3 8 10 9 6
4 3 12 8 5 1 2 7 13 11 10 14 6 9
6 14 3 11 1 5 10 7 13 2 12 4 8 9



D   4  1
F   6  1
H   8  1
K  11  1
L  12  2
M  13  1



12 5 11 8 6 13 3 2 10 1 7 9 14 4
8 14 1 13 11 12 5 4 3 10 2 6 7 9
13 12 14 5 7 11 3 10 2 1 9 8 4 6
12 3 7 11 2 10 13 5 9 1 6 14 8 4
11 14 13 1 7 4 2 12 5 3 8 10 9 6
4 3 12 8 5 1 2 7 13 11 10 14 6 9
6 14 3 11 1 5 10 7 13 2 12 4 8 9
